208343
425252
234951
213375
415460
225662
428484
278361
424297
205569
459170
199008
401176
199194
470290
218374
401268
198957
410977
232067
393921
201340
479681
207857
421022
209299
406127
207981
394151
199218
362990
205939
393395
198356
199807
398146
200013
397875
198956
394353
199486
393855
198896
392895
201872
392378
198459
391779
198420
397969
199037
201785
392559
226268
485732
208972
407166
198552
393935
198433
394431
199448
384945
198793
198803
200732
396167
198945
395715
198279
199916
201429
198756
201585
199452
199164
198358
198377
198673
386355
198757
199871
201544
198851
198541
200184
200941
198228
218871
198144
198805
239301
198823
198533
201691
198991
198734
394331
199392
199559
200113