New client connected from 3.91.60.22:51100 as Sub_AWS_30 (p2, c1, k60).
2349686
1897495
1751629
1835022
1772547
1637742
1611261
1856275
1650791
1687542
1564758
1768234
1832099
1724569
1957515
1584510
1823688
1419343
1856116
2189059
1671379
1972642
2242170
2048611
1874929
1862018
1708995
1689776
1562906
2578321
3508485
2793167
2819507
3341432
3985831
4453814
3188832
3105422
4383984
3710489
2758463
2650420
3083362
2865342
3201902
3263708
3117599
2646058
2577673
3846813
2063277
2150711
2166418
2908362
2697778
2784532
2311711
2682115
3495388
3860990
3542437
2778344
1948157
1596913
1745762
2066940
2024379
1699488
1675616
1734243
1804942
2143809
1660595
2183263
1887428
1967810
1786505
2041777
1717181
1683149
1601199
2040501
2119227
1999649
2566012
1970675
1758266
1800711
1822611
1525097
1584290
1926101
1656337
1713958
1732156
2173306
1598727
1841485
1689490
1655959
