New client connected from 3.91.60.22:50986 as Sub_AWS_20 (p2, c1, k60).
2959553
1667428
1721666
1872290
2100049
1825266
1719903
1926450
1650821
1788630
1801516
1973064
1847519
1963759
2568918
2024369
2373673
2095506
2515691
3252617
2217956
2507529
2253593
1562765
1790424
1861393
1710255
1704599
1653573
3779285
2870172
2574837
2522636
2114267
3010447
1843847
3929546
3631436
3038863
2918495
2661096
2407417
2494839
2862607
2919386
2680127
2609762
2321247
2040937
2044518
1786781
1610250
1619525
1828746
1912541
1744800
2084257
2279302
2108821
2230468
1961397
1813434
2258468
2075696
2526086
3126955
2827644
2569464
2211287
1733418
1810212
1616812
1909250
1942613
1874265
1955438
2017684
2105844
1949222
1996818
1880858
2359914
2109871
2300600
2410367
1970181
1962427
2064450
1911906
1525591
1599945
1916708
1720023
1714856
1803143
1908005
1852388
1849413
2396184
1957632
