New client connected from 3.91.60.22:46096 as Sub_AWS_90 (p2, c1, k60).
1943281
1765289
1874584
2028444
1937269
2020955
2191304
2171910
2192932
2092657
2225228
2296356
2960539
2921971
2267226
1880265
1455563
2220163
2699941
2174340
2293913
2300102
2039983
2029087
1885715
1699830
1951791
1850030
2024817
2535627
2844230
2665256
3117625
3184161
3426530
4902417
5092953
5348533
3545051
2295131
2435952
2881978
3195142
3497510
3341439
3299884
3441587
3111552
3765907
2849117
3308027
3380057
4271582
4974763
3451455
1813951
2483038
2932576
3618403
3305756
2401505
2798498
2890421
3318586
3470983
3611786
2841057
2568382
2226862
2033620
2084740
2452387
2315404
2496778
2808067
4068819
4026405
2237659
1706544
1653313
2042875
1995439
2046195
2106155
1996620
1800545
2075595
1914215
2736356
1874308
3541313
2024625
2290460
2071902
2199123
1913584
2174161
2275514
2200948
