New client connected from 3.91.60.22:45666 as Sub_AWS_40 (p2, c1, k60).
2012401
1806235
2493084
1714130
1596728
1698524
1553138
1529408
1489137
1407740
1303175
1279824
1327207
1334903
1410872
1667109
1735765
1685268
1642759
2381614
1814294
2044878
2078849
2011643
1880626
2081629
1711579
1650477
2058122
3125002
2892487
2868786
2502140
3234103
3127228
3216640
2239196
2191926
2795024
2905000
3329271
3474085
3393389
2764872
3743213
3322642
3078369
2944068
3409752
3472247
2827513
2038162
2002451
2409779
2631487
2402485
2376504
2595645
3165145
3616987
2985937
3255089
2797234
2840351
3608851
3572861
3414043
2778608
2734574
2441795
1589873
2043231
2026002
2069764
1976320
1777638
2406473
2530054
2564708
2332699
2375173
2231981
2245423
1999453
1998458
1828467
1777396
1688816
1691183
2517276
1970643
4338325
3148991
2075216
1631538
2954505
1499247
1955958
1776589
1696147
