New client connected from 3.91.60.22:46024 as Sub_AWS_80 (p2, c1, k60).
2097674
1909871
1906688
1917164
1742268
2758469
1804615
1530634
1534867
1453622
1383785
1369380
1608837
1938882
2333319
2309162
2501785
2462662
2700193
2431845
2662990
2116660
2512333
2101275
1815909
1680945
1687738
1672315
2805521
3427822
3460584
3311481
3243523
3052898
3228879
2069921
2329626
3078106
2639828
2626304
2664872
2581338
2464419
2734437
2600801
3504437
2945329
3185094
3740973
3395872
2617259
2567120
3042549
3456500
3284958
2738979
3843190
3560388
5075418
4330433
3793645
4350717
4929002
3613755
3012393
3072326
3072780
3318800
2180610
1635964
2045916
2084089
2074445
2012607
1861857
2432844
2558516
2459964
2372774
2400049
2403832
2910727
3174728
2604985
2161231
1863222
1758903
1731300
1620980
1708483
3684337
1772892
1851140
1679847
2778234
1604017
1998034
1829186
1625283
