New client connected from 3.91.60.22:50874 as Sub_AWS_10 (p2, c1, k60).
New client connected from 3.91.60.22:50890 as Sub_AWS_11 (p2, c1, k60).
New client connected from 3.91.60.22:50806 as Sub_AWS_1 (p2, c1, k60).
New client connected from 3.91.60.22:50904 as Sub_AWS_12 (p2, c1, k60).
New client connected from 3.91.60.22:50908 as Sub_AWS_13 (p2, c1, k60).
New client connected from 3.91.60.22:50920 as Sub_AWS_14 (p2, c1, k60).
New client connected from 3.91.60.22:50930 as Sub_AWS_15 (p2, c1, k60).
New client connected from 3.91.60.22:50946 as Sub_AWS_16 (p2, c1, k60).
New client connected from 3.91.60.22:50960 as Sub_AWS_17 (p2, c1, k60).
New client connected from 3.91.60.22:50970 as Sub_AWS_18 (p2, c1, k60).
New client connected from 3.91.60.22:50974 as Sub_AWS_19 (p2, c1, k60).
2031639
2033054
2060462
2065398
2066789
New client connected from 3.91.60.22:46186 as Sub_AWS_100 (p2, c1, k60).
2664585
2734602
2738082
2739383
2740398
2744410
1422333
1437158
1495171
1545561
1813089
1936661
2243226
2256583
2262128
2265562
2279642
2523883
1495906
1537634
1537973
1752560
1886141
1900443
1904792
2464531
2531922
2537618
2560056
2706208
1669933
1786673
1791616
1795341
1797709
1798835
1801027
1835210
1836792
1850239
1883704
1942828
1585401
1593776
1604851
1621781
1623936
1630312
1659774
1773992
1847676
1913015
1989758
1988811
1495327
1501246
1508085
1577486
1578179
1652964
1655232
1695095
1716702
1720368
1817843
1813459
1484525
1499100
1521913
1535750
1539700
1549132
1553398
1592855
1598186
1762388
1767619
1808462
1509945
1525376
1539418
1541213
1548577
1551447
1697356
1830142
1827590
1909417
1910139
1952342
1447341
1448766
1448224
1468672
1475737
1481817
1521149
1626502
1631607
1666789
1729320
1755082
1392221
1394014
1393402
1410791
1426606
1429648
1545675
1681014
1710630
1778617
1793725
1816946
1249089
1251048
1269027
1268765
1277596
1450281
1524684
1551014
1575884
1598485
1616591
1847791
1268559
1273038
1278999
1280123
1300493
1324704
1482899
1529810
1726894
1751444
1771003
2045216
1262054
1265511
1280894
1378818
1380387
1481466
1567345
1753725
1827341
1833804
1841486
2116144
1306071
1310060
1335121
1347382
1411145
1563120
1725139
1728932
1857481
1956152
2084431
2576002
1376310
1378760
1412296
1470119
1761083
1907702
1922382
1946421
1968293
2414272
2417122
2681133
1560809
1584906
1626603
1635416
1641170
1704769
1774137
2007774
2076649
2083675
2239568
2925552
1694271
1698322
1709638
1814144
1838367
2019906
2039913
2063145
2135099
2270300
2366172
2618103
1375289
1388703
1641776
1652130
1671455
1685453
1835947
1921132
1939727
1958707
2077091
2526695
1525136
1560307
1584561
1634338
1637769
1650154
1690934
1706642
1716939
1881392
2152245
2262727
1600560
1801001
1806619
1815987
1845231
1851834
2165730
2209797
2401904
2447432
2707277
2953349
1526716
1647882
1655422
1804260
2031244
2052074
2182083
2213810
2352181
2355057
2370699
2395171
1686355
1747524
1749373
1769397
1908512
2030027
2177011
2378042
2496006
2501578
2816219
2816989
1499911
1509843
1532606
1736001
2083548
2089658
2092511
2098896
2137513
2229641
2233059
2270667
1504455
1705558
1705414
1725746
1776288
1970476
2008324
2012219
2014237
2014129
2031479
2056299
1573555
1580404
1585385
1591176
1605047
1606217
1861709
1868426
1883898
1894638
1938199
2044457
1659090
1666311
1728371
1859093
1860517
1870894
1871799
1871511
1890769
1902326
2094297
2086396
1405190
1463839
1633319
1662066
1679262
1698560
1702873
1716811
1718967
1719138
1817158
2032465
1654992
1654901
1663218
1659244
1680221
1694200
1695996
1695993
1716773
1869241
1871613
1908917
1536121
1562730
1621748
1640107
1656081
1676093
1680218
1680721
1693423
1694815
1790694
2077061
1974332
2016890
2047393
2658308
2814190
2815871
2822924
2871448
3037337
3115789
3136451
3282511
1951056
2015511
2435406
2524421
2544003
2574965
2855111
3209123
3234840
3383381
3635029
4115264
1941369
1952589
1997028
2441057
2498314
2672285
2693757
2908883
3362054
3418929
3517083
3729247
1919428
1923784
2048621
2186823
2208717
2255773
2446481
2506481
2509344
3239917
3242442
3279188
1752845
2106564
2130086
2161554
2661803
2944105
3244321
3255093
3261084
3335870
3509662
3789728
1420385
2000591
2117780
2486823
2722404
3213067
3298632
3305539
3321681
3660368
3793079
5333854
1591219
2091963
2104814
2315664
2665433
2666828
2936655
3221976
3225306
3518089
3535365
4313286
1701405
1933023
1935603
1969942
2056731
2230412
2477301
2633135
2818411
2903375
2900667
3484767
1780099
1787491
1798492
1799719
2016650
2058182
2266536
2268193
2296515
2312151
2744632
3411646
1699659
1874895
1932377
1953548
1967182
2156765
2205960
2545210
2582486
2726293
3348981
4268860
1699337
1797225
1821133
1885130
1891500
1896787
2259725
2625031
2625743
2861533
3519126
3791742
1863048
1927826
1942204
2138765
2204520
2220659
2229363
2603824
2744548
2759555
3005494
3937898
1918877
1923220
2073882
2075405
2441180
2686465
2840413
2872795
2908402
3149461
3182868
4414416
1902285
1967008
2176521
2468433
2521429
2792016
2798064
2813147
3027795
3122848
3123191
4447032
1888685
1896709
2034746
2508028
2532259
2774407
2782370
2846078
3065766
3079236
3482172
3942129
2072155
2072028
2100222
2351369
2630627
2739134
3211995
3285322
3328743
3541745
3570942
4576519
2188572
2205896
2251000
2250600
2401227
2806618
3205441
3305908
3326476
3333367
3343878
3594065
2084238
2095482
2104556
2203500
2375965
2512221
3063825
3087480
3110884
3153421
3191845
3380305
1943531
1957714
2071147
2085793
2105405
2351139
2608664
2610130
2946813
3068867
3084035
3111243
1863533
1914147
1935294
2029707
2040443
2040113
2631032
2642036
2835398
2873326
2898539
3645656
2015291
2022270
2040416
2112221
2293248
2316845
2613007
2628391
2878628
2900653
2968854
4608076
1721954
1724008
1724236
1789432
1944333
2024114
2036999
2056489
2243551
2297297
2807310
3650266
1637304
1763750
1784468
1802454
1867547
1872615
2074029
2112069
2370117
2623666
2944277
3661140
1775712
1917431
1916386
1919628
1967961
1970007
2071032
2169485
2592960
2607415
3094624
3564300
1777696
1902746
2095942
2143779
2357488
2362182
2389662
2671501
2699540
3013177
3632645
4523836
2032414
2045505
2053600
2055228
2337701
2394559
2449352
2558943
2580453
2599031
3451491
4565051
1858700
1877710
1896915
1996636
2070795
2128381
2386539
2405681
2442665
2518109
2783368
4444033
1702748
1719693
1821343
1890592
1898971
1901180
2004803
2143583
2144013
2237347
2259689
3584631
1961699
1998689
1998688
2130827
2256547
2281635
2298689
2312064
2375734
2481746
2678541
4018241
2039037
2255467
2289104
2317939
2380146
2381979
2491517
2492618
2577954
2769930
2880439
4538406
1720184
1905324
2263824
2282289
2603991
2642068
2647051
2873663
2876741
3105451
3605450
6830683
1668321
1936697
1949391
2223640
2256612
2257576
2271123
2514569
2525247
2517980
3038840
3247015
1771135
1779223
1946645
2042447
2050969
2442469
2452747
2703882
2712835
2718056
2799983
2816128
1847362
1932275
1938465
1947888
2360469
2362891
2378535
2790037
2800370
2922896
2928873
3246261
1670176
1696415
1720547
1797010
1798481
1988090
2004620
2136143
2314342
2641209
2838735
3762226
1992398
1991896
1995102
2080214
2090743
2099748
2119672
2559745
3015966
3045923
3319107
4614632
