New client connected from 3.91.60.22:50874 as Sub_AWS_10 (p2, c1, k60).
2060462
New client connected from 3.91.60.22:46186 as Sub_AWS_100 (p2, c1, k60).
1422333
2523883
1495906
2706208
1836792
1883704
1913015
1989758
1577486
1813459
1598186
1808462
1830142
1827590
1626502
1755082
1681014
1710630
1551014
1575884
1529810
1726894
1753725
1827341
1725139
2084431
1907702
2417122
1560809
2925552
1814144
2618103
1375289
2526695
1706642
1881392
1851834
2209797
1655422
2395171
1908512
2378042
2137513
2229641
2031479
2056299
1868426
1883898
1860517
2086396
1405190
1679262
1659244
1694200
1562730
1680721
2016890
3115789
1951056
4115264
1952589
3729247
1923784
3279188
1752845
3509662
1420385
3321681
1591219
3535365
1701405
2900667
2058182
2744632
1874895
3348981
1699337
3519126
1863048
3937898
1918877
4414416
2176521
4447032
2034746
3942129
2100222
4576519
2205896
3594065
2095482
3087480
2105405
2946813
2040443
3645656
2316845
4608076
1789432
3650266
1867547
3661140
1917431
3564300
2389662
4523836
2032414
4565051
1996636
4444033
1719693
3584631
2375734
4018241
2289104
4538406
2263824
6830683
1949391
2517980
1779223
2050969
1938465
3246261
1798481
3762226
1992398
4614632
2365270
4816832
2551128
4567555
2510299
4598596
2493624
4286464
2185536
2476906
1626422
2020241
1603795
2057807
1655124
2187512
1914243
2070795
1860871
2011968
1674841
1863733
1711943
2664042
1965181
3031970
1626022
2438710
1570529
2367937
1568880
2864765
2002806
2306640
1599328
2613732
1696372
2729390
1780439
2612679
1951835
2135754
1955213
2054787
1742714
1780895
1725951
1799115
1496134
2522783
1550317
1977405
1605617
4021193
1611027
1776679
1665065
2115241
1675421
1718754
1569836
1930031
1574765
1857120
1567092
2258436
1712147
1851849
1644513
1694532
