New client connected from 3.91.60.22:45690 as Sub_AWS_43 (p2, c1, k60).
2391952
1925656
1775044
1898230
2170480
1855502
1726204
1889342
1707577
1786368
1597286
1765060
1843196
1972446
2237904
1660299
2069841
1678269
1920735
2451953
2180384
2262744
2280692
2067491
2030628
1867875
1709356
1952071
1849137
2775056
2499937
2558930
2486660
2619643
2664239
3198209
5227000
5113048
3624350
2299088
1949691
1776737
2519925
2890486
2970773
3291652
3429307
3149674
3111801
3769081
2861976
3319268
3435798
3789881
4386877
3644392
2074074
2395962
2667604
3337873
3332896
2793741
2778894
2099886
2563698
